"LON" "LAT" "PARAMETER" "JAN" "FEB" "MAR" "APR" "MAY" "JUN" "JUL" "AUG" "SEP" "OCT" "NOV" "DEC" "ANN"
"1" -49.19999 -18.49999 "T2M" 24.25 24.26 24.01 23.29 21.3 20.32 20.93 23.31 25.97 26.72 25.54 24.59 23.71
"2" -49.19999 -18.49999 "PRECTOT" 7.87 6.59 6.14 2.48 1.02 0.45 0.18 0.51 1.66 3.24 5.71 7.76 3.63
"3" -49.19999 -18.49999 "WS10M" 2.72 2.48 2.52 2.76 2.91 3.23 3.72 4.05 3.93 3.28 2.89 2.82 3.11
"4" -48.19999 -18.49999 "T2M" 23.66 23.68 23.38 22.53 20.52 19.22 19.62 21.72 24.49 25.43 24.47 23.87 22.72
"5" -48.19999 -18.49999 "PRECTOT" 8.23 6.71 6.35 2.38 1.03 0.41 0.21 0.53 1.6 3.4 6.01 8.51 3.78
"6" -48.19999 -18.49999 "WS10M" 3 2.78 2.83 3.03 3.09 3.38 3.83 4.13 4.04 3.49 3.15 3.05 3.32
"7" -50.19999 -18.99999 "T2M" 25.18 25.08 24.8 24.08 22 21.32 21.88 24.37 26.75 27.64 26.61 25.61 24.61
"8" -50.19999 -18.99999 "PRECTOT" 8.05 6.75 5.84 2.45 1.08 0.57 0.25 0.52 2.08 3.64 5.96 7.29 3.71
"9" -50.19999 -18.99999 "WS10M" 2.61 2.36 2.39 2.58 2.78 2.97 3.45 3.69 3.68 3.13 2.82 2.77 2.94
"10" -49.69999 -18.99999 "T2M" 24.9 24.85 24.56 23.84 21.77 20.99 21.56 23.99 26.48 27.36 26.3 25.3 24.33
"11" -49.69999 -18.99999 "PRECTOT" 8.06 6.72 5.83 2.44 1.05 0.54 0.23 0.52 1.85 3.42 5.74 7.41 3.65
"12" -49.69999 -18.99999 "WS10M" 2.69 2.44 2.49 2.71 2.93 3.19 3.69 3.97 3.9 3.29 2.91 2.84 3.09
"13" -49.19999 -18.99999 "T2M" 24.32 24.31 24.01 23.26 21.13 20.15 20.64 22.93 25.56 26.51 25.53 24.65 23.58
"14" -49.19999 -18.99999 "PRECTOT" 8.14 6.75 5.9 2.46 1.05 0.49 0.22 0.53 1.58 3.19 5.49 7.66 3.62
"15" -49.19999 -18.99999 "WS10M" 2.87 2.61 2.67 2.9 3.08 3.41 3.93 4.22 4.13 3.48 3.08 2.98 3.28
"16" -48.69999 -18.99999 "T2M" 23.74 23.76 23.43 22.59 20.38 19.13 19.35 21.37 24.08 25.25 24.52 23.94 22.63
"17" -48.69999 -18.99999 "PRECTOT" 8.23 6.86 5.99 2.54 1.08 0.49 0.22 0.54 1.58 3.23 5.51 7.79 3.67
"18" -48.69999 -18.99999 "WS10M" 3.11 2.84 2.89 3.07 3.19 3.46 3.93 4.19 4.13 3.59 3.26 3.17 3.4
"19" -48.19999 -18.99999 "T2M" 23.32 23.34 23.01 22.13 19.95 18.6 18.77 20.69 23.41 24.59 23.91 23.46 22.1
"20" -48.19999 -18.99999 "PRECTOT" 8.55 6.94 6.31 2.53 1.17 0.44 0.24 0.54 1.62 3.49 5.83 8.42 3.84
"21" -48.19999 -18.99999 "WS10M" 3.09 2.84 2.9 3.07 3.14 3.38 3.82 4.06 4.01 3.53 3.22 3.13 3.35
"22" -47.69999 -18.99999 "T2M" 22.88 22.87 22.53 21.62 19.5 18.1 18.25 20.14 22.88 24.06 23.39 23 21.6
"23" -47.69999 -18.99999 "PRECTOT" 8.6 6.95 6.4 2.51 1.19 0.42 0.25 0.54 1.63 3.59 5.98 8.64 3.89
"24" -47.69999 -18.99999 "WS10M" 3.14 2.9 2.97 3.09 3.13 3.33 3.74 3.96 3.97 3.55 3.29 3.19 3.36
"25" -46.69999 -18.99999 "T2M" 22.14 22.1 21.72 20.76 18.76 17.44 17.61 19.5 22.18 23.41 22.68 22.27 20.88
"26" -46.69999 -18.99999 "PRECTOT" 8.33 6.5 5.85 2.29 1.07 0.4 0.3 0.52 1.66 3.31 6.18 8.69 3.76
"27" -46.69999 -18.99999 "WS10M" 3.14 2.95 2.98 3.02 3.01 3.08 3.46 3.68 3.8 3.55 3.35 3.26 3.27
"28" -45.19999 -18.99999 "T2M" 23.74 23.84 23.41 22.51 20.78 19.61 20.06 21.97 24.42 25.61 24.52 23.87 22.86
"29" -45.19999 -18.99999 "PRECTOT" 7.15 5.36 5.25 1.87 0.79 0.26 0.21 0.37 1.3 2.66 6.16 8.28 3.31
"30" -45.19999 -18.99999 "WS10M" 3.09 2.87 2.85 2.85 2.86 2.83 3.14 3.45 3.68 3.6 3.42 3.3 3.16
"31" -50.69999 -19.49999 "T2M" 25.5 25.3 25.02 24.13 21.82 21.1 21.54 24.11 26.45 27.63 26.91 26.05 24.63
"32" -50.69999 -19.49999 "PRECTOT" 8.62 7.07 5.95 2.45 1.3 0.67 0.32 0.58 2.14 3.43 5.37 7.38 3.77
"33" -50.69999 -19.49999 "WS10M" 2.58 2.36 2.37 2.56 2.71 2.88 3.36 3.56 3.63 3.12 2.86 2.75 2.89
"34" -49.69999 -19.49999 "T2M" 24.86 24.75 24.42 23.56 21.18 20.3 20.75 23.17 25.79 26.98 26.17 25.29 23.93
"35" -49.69999 -19.49999 "PRECTOT" 8.57 6.99 5.74 2.46 1.17 0.59 0.3 0.55 1.9 3.3 5.45 7.43 3.71
"36" -49.69999 -19.49999 "WS10M" 2.77 2.51 2.56 2.74 2.93 3.18 3.66 3.9 3.92 3.36 3.04 2.92 3.12
"37" -49.19999 -19.49999 "T2M" 24.3 24.25 23.91 23.06 20.69 19.65 19.95 22.21 24.88 26.09 25.32 24.59 23.24
"38" -49.19999 -19.49999 "PRECTOT" 8.65 7.16 5.86 2.58 1.15 0.54 0.28 0.57 1.62 3.16 5.34 7.64 3.71
"39" -49.19999 -19.49999 "WS10M" 2.92 2.62 2.67 2.83 2.99 3.28 3.76 3.99 3.99 3.44 3.13 3.04 3.22
"40" -48.69999 -19.49999 "T2M" 23.69 23.68 23.32 22.44 20.1 18.94 19.1 21.2 23.86 25.12 24.44 23.88 22.48
"41" -48.69999 -19.49999 "PRECTOT" 8.75 7.28 5.96 2.64 1.17 0.53 0.28 0.57 1.59 3.21 5.38 7.75 3.76
"42" -48.69999 -19.49999 "WS10M" 3.11 2.78 2.82 2.95 3.06 3.35 3.81 4.04 4.03 3.54 3.26 3.19 3.33
"43" -48.19999 -19.49999 "T2M" 23.06 23.04 22.69 21.76 19.45 18.19 18.26 20.2 22.85 24.14 23.57 23.18 21.7
"44" -48.19999 -19.49999 "PRECTOT" 9.01 7.3 6.31 2.73 1.33 0.48 0.29 0.56 1.73 3.58 5.71 8.4 3.95
"45" -48.19999 -19.49999 "WS10M" 3.16 2.84 2.9 3.02 3.09 3.35 3.76 3.97 3.97 3.53 3.29 3.21 3.34
"46" -47.69999 -19.49999 "T2M" 22.42 22.37 22.01 21.05 18.79 17.48 17.53 19.42 22.08 23.36 22.83 22.52 20.99
"47" -47.69999 -19.49999 "PRECTOT" 9 7.21 6.37 2.72 1.37 0.46 0.3 0.56 1.81 3.7 5.86 8.63 4
"48" -47.69999 -19.49999 "WS10M" 3.22 2.92 2.99 3.07 3.11 3.29 3.69 3.88 3.93 3.57 3.36 3.28 3.36
"49" -46.19999 -19.49999 "T2M" 21.82 21.77 21.37 20.37 18.44 17.27 17.61 19.61 22.09 23.17 22.43 21.97 20.66
"50" -46.19999 -19.49999 "PRECTOT" 8.52 6.49 5.81 2.43 1.2 0.38 0.3 0.52 1.8 3.39 6.2 8.82 3.82
"51" -46.19999 -19.49999 "WS10M" 3.15 2.91 2.93 2.88 2.87 2.91 3.28 3.58 3.75 3.56 3.41 3.36 3.21
"52" -45.19999 -19.49999 "T2M" 23.44 23.47 23.02 22.06 20.24 19.09 19.56 21.57 23.98 25.18 24.2 23.62 22.45
"53" -45.19999 -19.49999 "PRECTOT" 7.64 5.61 5.25 1.91 0.93 0.32 0.24 0.41 1.45 2.8 6.15 8.73 3.45
"54" -45.19999 -19.49999 "WS10M" 3.05 2.82 2.82 2.77 2.78 2.77 3.09 3.45 3.69 3.6 3.38 3.24 3.12
"55" -44.19999 -19.49999 "T2M" 22.66 22.82 22.45 21.66 20.15 19.12 19.42 21.13 23.2 24.26 23.26 22.74 21.91
"56" -44.19999 -19.49999 "PRECTOT" 7.67 5.04 5.13 1.77 0.82 0.3 0.22 0.38 1.43 2.73 6.6 9.4 3.46
"57" -44.19999 -19.49999 "WS10M" 3.22 3.16 3.15 3.18 3.25 3.3 3.73 4.12 4.37 4.17 3.71 3.37 3.56
"58" -50.19999 -19.99999 "T2M" 25.52 25.32 24.99 23.98 21.42 20.56 20.98 23.54 26.06 27.46 26.93 26.1 24.4
"59" -50.19999 -19.99999 "PRECTOT" 8.79 7.06 5.71 2.47 1.42 0.74 0.38 0.61 2.01 3.04 4.73 7.18 3.68
"60" -50.19999 -19.99999 "WS10M" 2.78 2.53 2.58 2.8 2.94 3.12 3.6 3.82 3.93 3.43 3.16 2.97 3.14
"61" -49.19999 -19.99999 "T2M" 24.75 24.67 24.29 23.3 20.74 19.66 19.89 22.18 24.86 26.27 25.69 25.05 23.45
"62" -49.19999 -19.99999 "PRECTOT" 9.1 7.49 5.89 2.71 1.37 0.61 0.36 0.62 1.7 3.16 5.21 7.58 3.82
"63" -49.19999 -19.99999 "WS10M" 2.88 2.58 2.63 2.79 2.9 3.12 3.57 3.76 3.85 3.4 3.17 3.05 3.14
"64" -48.69999 -19.99999 "T2M" 24.37 24.33 23.95 22.96 20.45 19.33 19.5 21.7 24.38 25.77 25.2 24.61 23.05
"65" -48.69999 -19.99999 "PRECTOT" 9.26 7.64 6.07 2.78 1.39 0.58 0.35 0.6 1.68 3.3 5.34 7.78 3.9
"66" -48.69999 -19.99999 "WS10M" 3.05 2.71 2.75 2.88 2.97 3.21 3.65 3.84 3.93 3.52 3.31 3.21 3.25
"67" -48.19999 -19.99999 "T2M" 23.88 23.85 23.46 22.47 20.05 18.93 19.08 21.22 23.82 25.11 24.55 24.06 22.54
"68" -48.19999 -19.99999 "PRECTOT" 9.46 7.59 6.3 2.84 1.53 0.55 0.35 0.58 1.86 3.67 5.68 8.4 4.07
"69" -48.19999 -19.99999 "WS10M" 3.1 2.78 2.84 2.98 3.04 3.31 3.72 3.92 3.98 3.56 3.34 3.23 3.32
"70" -47.69999 -19.99999 "T2M" 22.92 22.87 22.47 21.46 19.11 17.95 18.08 20.17 22.78 24.03 23.47 23.07 21.53
"71" -47.69999 -19.99999 "PRECTOT" 9.48 7.47 6.35 2.82 1.56 0.53 0.36 0.58 1.98 3.82 5.87 8.73 4.13
"72" -47.69999 -19.99999 "WS10M" 3.21 2.91 2.99 3.1 3.12 3.36 3.74 3.96 4.03 3.65 3.44 3.32 3.4
"73" -47.19999 -19.99999 "T2M" 21.94 21.85 21.46 20.42 18.17 17.01 17.22 19.33 21.9 23.05 22.46 22.08 20.58
"74" -47.19999 -19.99999 "PRECTOT" 9.4 7.29 6.26 2.76 1.52 0.5 0.36 0.59 2.06 3.81 5.98 8.9 4.12
"75" -47.19999 -19.99999 "WS10M" 3.27 2.99 3.06 3.12 3.12 3.28 3.66 3.89 4.02 3.69 3.52 3.39 3.42
"76" -46.69999 -19.99999 "T2M" 21.4 21.3 20.91 19.86 17.73 16.62 16.97 19.13 21.61 22.61 21.96 21.54 20.14
"77" -46.69999 -19.99999 "PRECTOT" 9.26 7.05 6.07 2.66 1.45 0.45 0.35 0.58 2.08 3.7 6.03 8.96 4.05
"78" -46.69999 -19.99999 "WS10M" 3.23 2.96 3.02 3 3 3.08 3.47 3.74 3.91 3.64 3.49 3.4 3.33
"79" -46.19999 -19.99999 "T2M" 21.8 21.73 21.31 20.28 18.27 17.16 17.57 19.66 22.03 23.01 22.37 21.94 20.59
"80" -46.19999 -19.99999 "PRECTOT" 9.01 6.72 5.8 2.52 1.39 0.43 0.33 0.56 2 3.56 6.03 8.92 3.94
"81" -46.19999 -19.99999 "WS10M" 3.11 2.84 2.86 2.78 2.8 2.84 3.21 3.53 3.72 3.5 3.37 3.33 3.16
"82" -45.69999 -19.99999 "T2M" 22.87 22.81 22.35 21.33 19.28 18.07 18.51 20.6 23.1 24.32 23.58 23.07 21.66
"83" -45.69999 -19.99999 "PRECTOT" 8.6 6.27 5.41 2.24 1.28 0.41 0.31 0.52 1.8 3.3 6.02 8.87 3.75
"84" -45.69999 -19.99999 "WS10M" 2.98 2.72 2.7 2.6 2.61 2.6 2.93 3.27 3.53 3.41 3.28 3.21 2.99
"85" -45.19999 -19.99999 "T2M" 22.95 22.95 22.49 21.52 19.6 18.45 18.89 20.93 23.26 24.45 23.59 23.12 21.85
"86" -45.19999 -19.99999 "PRECTOT" 8.33 5.8 5.2 1.97 1.11 0.4 0.28 0.47 1.66 3.01 6.13 9.18 3.63
"87" -45.19999 -19.99999 "WS10M" 3.06 2.83 2.82 2.75 2.77 2.77 3.1 3.46 3.72 3.6 3.39 3.26 3.13
"88" -44.69999 -19.99999 "T2M" 22.62 22.68 22.25 21.34 19.6 18.55 18.94 20.84 22.95 24.06 23.15 22.73 21.64
"89" -44.69999 -19.99999 "PRECTOT" 8.23 5.46 5.17 1.82 0.97 0.38 0.25 0.44 1.6 2.87 6.33 9.56 3.59
"90" -44.69999 -19.99999 "WS10M" 3.19 3.02 3.01 2.98 3.04 3.06 3.43 3.8 4.05 3.89 3.59 3.38 3.37
"91" -44.19999 -19.99999 "T2M" 22.09 22.19 21.8 20.93 19.33 18.31 18.58 20.28 22.25 23.35 22.5 22.15 21.15
"92" -44.19999 -19.99999 "PRECTOT" 8.27 5.26 5.24 1.82 0.92 0.36 0.24 0.44 1.61 2.88 6.62 9.86 3.63
"93" -44.19999 -19.99999 "WS10M" 3.26 3.14 3.11 3.11 3.2 3.21 3.64 4.02 4.3 4.1 3.72 3.45 3.52
"94" -47.19999 -20.49999 "T2M" 22.46 22.39 21.95 20.88 18.56 17.5 17.83 20.1 22.58 23.65 23.05 22.6 21.13
"95" -47.19999 -20.49999 "PRECTOT" 9.54 7.4 6.1 2.72 1.7 0.57 0.42 0.64 2.11 3.89 5.92 8.83 4.16
"96" -47.19999 -20.49999 "WS10M" 3.14 2.9 3 3.09 3.1 3.28 3.66 3.91 4.05 3.69 3.5 3.32 3.39
"97" -46.69999 -20.49999 "T2M" 21.9 21.8 21.36 20.24 17.94 16.79 17.11 19.26 21.73 22.87 22.37 22.02 20.45
"98" -46.69999 -20.49999 "PRECTOT" 9.37 7.07 5.93 2.6 1.6 0.52 0.4 0.63 2.11 3.76 5.81 8.81 4.05
"99" -46.69999 -20.49999 "WS10M" 3.18 2.94 3.01 3.01 3 3.09 3.45 3.73 3.92 3.65 3.5 3.37 3.32
"100" -46.19999 -20.49999 "T2M" 22.16 22.05 21.59 20.5 18.26 17.05 17.35 19.4 21.83 23.04 22.63 22.3 20.68
"101" -46.19999 -20.49999 "PRECTOT" 9.13 6.7 5.67 2.45 1.52 0.48 0.37 0.6 2.05 3.57 5.67 8.63 3.9
"102" -46.19999 -20.49999 "WS10M" 3.1 2.84 2.86 2.79 2.79 2.8 3.14 3.43 3.68 3.49 3.4 3.34 3.14
"103" -45.69999 -20.49999 "T2M" 22.75 22.69 22.2 21.14 18.92 17.65 17.97 20.01 22.46 23.79 23.28 22.92 21.32
"104" -45.69999 -20.49999 "PRECTOT" 8.91 6.3 5.3 2.22 1.43 0.49 0.35 0.55 1.93 3.33 5.72 8.69 3.77
"105" -45.69999 -20.49999 "WS10M" 3.09 2.83 2.81 2.73 2.72 2.71 3.02 3.31 3.62 3.51 3.41 3.32 3.09
"106" -45.19999 -20.49999 "T2M" 22.42 22.42 21.95 20.94 18.9 17.73 18.11 20.11 22.32 23.51 22.85 22.53 21.15
"107" -45.19999 -20.49999 "PRECTOT" 8.72 5.89 5.12 2.01 1.26 0.48 0.32 0.52 1.83 3.14 5.94 9.09 3.69
"108" -45.19999 -20.49999 "WS10M" 3.17 2.91 2.9 2.85 2.88 2.88 3.19 3.49 3.8 3.66 3.51 3.39 3.22
"109" -44.69999 -20.49999 "T2M" 21.93 21.99 21.55 20.6 18.76 17.72 18.06 19.96 21.9 22.97 22.24 21.98 20.81
"110" -44.69999 -20.49999 "PRECTOT" 8.62 5.6 5.13 1.89 1.11 0.46 0.29 0.5 1.79 3.06 6.21 9.53 3.68
"111" -44.69999 -20.49999 "WS10M" 3.22 2.99 3 2.98 3.06 3.06 3.42 3.73 4.02 3.83 3.63 3.47 3.37
"112" -44.19999 -20.49999 "T2M" 21.52 21.61 21.19 20.25 18.55 17.55 17.75 19.46 21.27 22.37 21.68 21.51 20.39
"113" -44.19999 -20.49999 "PRECTOT" 8.59 5.43 5.24 1.88 1.04 0.43 0.27 0.51 1.81 3.1 6.52 9.84 3.72
"114" -44.19999 -20.49999 "WS10M" 3.23 3.04 3.04 3.05 3.14 3.12 3.53 3.85 4.16 3.95 3.7 3.5 3.44
"115" -47.19999 -20.99999 "T2M" 22.87 22.81 22.33 21.23 18.86 17.86 18.24 20.54 22.87 23.93 23.43 23.01 21.5
"116" -47.19999 -20.99999 "PRECTOT" 9.18 7.28 5.76 2.61 1.85 0.66 0.49 0.71 2.09 3.8 5.75 8.37 4.05
"117" -47.19999 -20.99999 "WS10M" 2.9 2.7 2.8 2.9 2.97 3.16 3.53 3.79 3.92 3.54 3.33 3.12 3.22
"118" -46.69999 -20.99999 "T2M" 22.49 22.4 21.88 20.71 18.23 17.03 17.26 19.38 21.85 23.14 22.82 22.58 20.82
"119" -46.69999 -20.99999 "PRECTOT" 9.03 6.93 5.69 2.52 1.76 0.6 0.47 0.68 2.08 3.73 5.59 8.34 3.95
"120" -46.69999 -20.99999 "WS10M" 2.87 2.69 2.76 2.78 2.8 2.89 3.22 3.48 3.68 3.41 3.25 3.09 3.08
"121" -46.19999 -20.99999 "T2M" 22.42 22.31 21.79 20.63 18.14 16.82 16.91 18.86 21.33 22.81 22.66 22.52 20.6
"122" -46.19999 -20.99999 "PRECTOT" 8.83 6.54 5.52 2.4 1.68 0.56 0.44 0.64 2.03 3.56 5.38 8.12 3.81
"123" -46.19999 -20.99999 "WS10M" 3.16 2.92 2.93 2.86 2.85 2.83 3.14 3.38 3.71 3.55 3.49 3.4 3.19
"124" -45.69999 -20.99999 "T2M" 22.58 22.52 21.98 20.86 18.46 17.15 17.3 19.25 21.62 23.07 22.84 22.69 20.86
"125" -45.69999 -20.99999 "PRECTOT" 8.81 6.26 5.26 2.2 1.57 0.55 0.41 0.58 1.99 3.32 5.41 8.21 3.71
"126" -45.69999 -20.99999 "WS10M" 3.21 2.94 2.91 2.86 2.86 2.82 3.1 3.34 3.71 3.59 3.54 3.45 3.2
"127" -45.19999 -20.99999 "T2M" 22.09 22.09 21.56 20.5 18.3 17.13 17.4 19.38 21.49 22.71 22.31 22.16 20.59
"128" -45.19999 -20.99999 "PRECTOT" 8.75 5.95 5.13 2.01 1.38 0.53 0.38 0.54 1.94 3.16 5.65 8.61 3.67
"129" -45.19999 -20.99999 "WS10M" 3.25 2.95 2.94 2.93 2.97 2.96 3.25 3.53 3.88 3.72 3.61 3.49 3.29
"130" -44.69999 -20.99999 "T2M" 21.54 21.6 21.1 20.08 18.09 17.05 17.33 19.27 21.08 22.14 21.64 21.54 20.21
"131" -44.69999 -20.99999 "PRECTOT" 8.7 5.74 5.13 1.89 1.23 0.51 0.35 0.52 1.92 3.14 5.95 9.02 3.67
"132" -44.69999 -20.99999 "WS10M" 3.25 2.97 3 3.01 3.1 3.09 3.42 3.72 4.04 3.84 3.7 3.53 3.39
"133" -44.19999 -20.99999 "T2M" 21.18 21.26 20.78 19.75 17.88 16.89 17.05 18.83 20.45 21.52 21.05 21.1 19.81
"134" -44.19999 -20.99999 "PRECTOT" 8.69 5.64 5.24 1.91 1.16 0.47 0.34 0.53 1.93 3.24 6.27 9.31 3.73
"135" -44.19999 -20.99999 "WS10M" 3.25 3.01 3.04 3.05 3.15 3.12 3.49 3.81 4.12 3.9 3.75 3.58 3.44
"136" -46.69999 -21.49999 "T2M" 22.36 22.27 21.72 20.47 17.83 16.63 16.81 18.89 21.28 22.69 22.53 22.43 20.49
"137" -46.69999 -21.49999 "PRECTOT" 8.81 6.91 5.58 2.52 1.94 0.7 0.58 0.76 2.16 3.7 5.51 8.02 3.93
"138" -46.69999 -21.49999 "WS10M" 2.47 2.32 2.35 2.39 2.46 2.59 2.88 3.12 3.29 3.03 2.84 2.66 2.7
"139" -46.19999 -21.49999 "T2M" 22.29 22.19 21.62 20.41 17.75 16.42 16.43 18.32 20.65 22.25 22.26 22.32 20.24
"140" -46.19999 -21.49999 "PRECTOT" 8.72 6.59 5.51 2.45 1.87 0.66 0.55 0.69 2.13 3.57 5.34 7.9 3.83
"141" -46.19999 -21.49999 "WS10M" 2.74 2.55 2.53 2.5 2.51 2.51 2.78 2.97 3.27 3.13 3.04 2.94 2.79
"142" -45.69999 -21.49999 "T2M" 22.41 22.34 21.75 20.54 17.98 16.68 16.72 18.62 20.89 22.45 22.43 22.46 20.44
"143" -45.69999 -21.49999 "PRECTOT" 8.76 6.39 5.33 2.27 1.75 0.63 0.52 0.63 2.1 3.38 5.31 7.95 3.75
"144" -45.69999 -21.49999 "WS10M" 3.05 2.8 2.74 2.71 2.73 2.7 2.95 3.16 3.52 3.4 3.36 3.27 3.03
"145" -45.19999 -21.49999 "T2M" 21.95 21.94 21.36 20.2 17.82 16.64 16.81 18.77 20.84 22.16 21.99 21.98 20.2
"146" -45.19999 -21.49999 "PRECTOT" 8.8 6.17 5.25 2.07 1.54 0.59 0.48 0.57 2.07 3.26 5.55 8.32 3.72
"147" -45.19999 -21.49999 "WS10M" 3.13 2.84 2.82 2.81 2.88 2.86 3.14 3.39 3.75 3.6 3.52 3.37 3.18
"148" -44.69999 -21.49999 "T2M" 21.41 21.45 20.88 19.76 17.56 16.5 16.71 18.65 20.45 21.59 21.31 21.37 19.8
"149" -44.69999 -21.49999 "PRECTOT" 8.85 6.02 5.26 1.94 1.37 0.56 0.45 0.54 2.05 3.23 5.83 8.66 3.73
"150" -44.69999 -21.49999 "WS10M" 3.13 2.84 2.85 2.85 2.95 2.95 3.24 3.53 3.88 3.7 3.57 3.4 3.24
"151" -44.19999 -21.49999 "T2M" 21.06 21.13 20.57 19.44 17.34 16.34 16.45 18.24 19.82 20.94 20.7 20.93 19.41
"152" -44.19999 -21.49999 "PRECTOT" 8.88 5.95 5.39 1.96 1.3 0.53 0.44 0.54 2.05 3.33 6.1 8.88 3.78
"153" -44.19999 -21.49999 "WS10M" 3 2.74 2.76 2.75 2.86 2.84 3.16 3.45 3.77 3.58 3.45 3.28 3.14
"154" -46.19999 -21.99999 "T2M" 21.51 21.42 20.82 19.5 16.71 15.37 15.34 17.11 19.28 21 21.18 21.45 19.22
"155" -46.19999 -21.99999 "PRECTOT" 8.84 6.83 5.58 2.55 2.05 0.78 0.72 0.8 2.59 3.66 5.39 7.9 3.97
"156" -46.19999 -21.99999 "WS10M" 2.36 2.2 2.15 2.15 2.23 2.27 2.49 2.66 2.89 2.73 2.62 2.5 2.44
"157" -45.69999 -21.99999 "T2M" 21.87 21.81 21.2 19.84 17.08 15.73 15.67 17.43 19.58 21.29 21.52 21.81 19.57
"158" -45.69999 -21.99999 "PRECTOT" 8.84 6.69 5.44 2.43 1.94 0.74 0.69 0.75 2.38 3.56 5.38 7.94 3.9
"159" -45.69999 -21.99999 "WS10M" 2.35 2.17 2.09 2.09 2.15 2.15 2.34 2.49 2.74 2.64 2.58 2.49 2.36
"160" -45.19999 -21.99999 "T2M" 21.52 21.5 20.88 19.56 16.94 15.69 15.71 17.51 19.55 21.07 21.18 21.43 19.38
"161" -45.19999 -21.99999 "PRECTOT" 8.97 6.6 5.49 2.31 1.73 0.69 0.66 0.7 2.29 3.51 5.66 8.28 3.91
"162" -45.19999 -21.99999 "WS10M" 2.5 2.28 2.23 2.23 2.31 2.31 2.51 2.7 2.98 2.86 2.79 2.68 2.53
"163" -44.69999 -21.99999 "T2M" 21.1 21.14 20.5 19.23 16.78 15.64 15.7 17.48 19.31 20.64 20.65 20.94 19.09
"164" -44.69999 -21.99999 "PRECTOT" 9.1 6.57 5.63 2.26 1.56 0.66 0.64 0.67 2.27 3.5 5.94 8.6 3.95
"165" -44.69999 -21.99999 "WS10M" 2.59 2.33 2.32 2.33 2.42 2.41 2.63 2.84 3.14 3.02 2.94 2.8 2.65
"166" -44.19999 -21.99999 "T2M" 21.12 21.17 20.5 19.23 16.87 15.8 15.79 17.43 19.06 20.37 20.4 20.86 19.05
"167" -44.19999 -21.99999 "PRECTOT" 9.12 6.5 5.81 2.29 1.48 0.64 0.62 0.67 2.24 3.53 6.11 8.74 3.98
"168" -44.19999 -21.99999 "WS10M" 2.4 2.15 2.15 2.15 2.23 2.24 2.45 2.64 2.94 2.82 2.75 2.6 2.46
"169" -46.69999 -22.49999 "T2M" 22.57 22.53 21.88 20.45 17.62 16.43 16.54 18.47 20.56 22.2 22.39 22.58 20.35
"170" -46.69999 -22.49999 "PRECTOT" 8.66 6.97 5.44 2.6 2.2 1.04 1 0.96 3.79 3.76 5.24 7.48 4.09
"171" -46.69999 -22.49999 "WS10M" 2.49 2.3 2.29 2.36 2.47 2.61 2.87 3.07 3.3 3.09 2.93 2.69 2.71
"172" -46.19999 -22.49999 "T2M" 20.98 20.96 20.31 18.85 15.93 14.56 14.46 16.12 18.15 19.96 20.31 20.81 18.45
"173" -46.19999 -22.49999 "PRECTOT" 8.76 7.03 5.64 2.69 2.21 0.99 1.01 0.94 3.78 3.85 5.32 7.67 4.16
"174" -46.19999 -22.49999 "WS10M" 2.11 1.97 1.92 1.95 2.06 2.13 2.33 2.47 2.65 2.5 2.39 2.26 2.23
"175" -45.69999 -22.49999 "T2M" 21.2 21.2 20.54 19.03 16.08 14.64 14.45 16.03 18.01 19.86 20.32 20.95 18.53
"176" -45.69999 -22.49999 "PRECTOT" 8.74 7 5.58 2.65 2.11 0.91 0.95 0.9 3.03 3.83 5.39 7.71 4.07
"177" -45.69999 -22.49999 "WS10M" 1.66 1.53 1.49 1.52 1.61 1.66 1.78 1.86 2.01 1.91 1.84 1.76 1.72
"178" -45.19999 -22.49999 "T2M" 21.1 21.12 20.42 18.93 16.1 14.73 14.55 16.14 18.04 19.77 20.17 20.8 18.49
"179" -45.19999 -22.49999 "PRECTOT" 8.91 7.11 5.83 2.73 1.95 0.88 0.95 0.89 2.67 3.86 5.71 8.04 4.13
"180" -45.19999 -22.49999 "WS10M" 1.67 1.53 1.5 1.54 1.63 1.66 1.77 1.85 2.01 1.93 1.88 1.79 1.73
