"x" "y" "samples" "positives" "PC1" "PC2" "PC3"
"1" -50.7 -19.5 2 1 -0.835411458613081 1.60820992090394 1.11873929336297
"2" -50.2 -20 2 0 -0.241070420073795 1.48966585776397 1.16099752576071
"3" -50.2 -19 1 0 -0.646672889666624 1.75080532805975 1.15680917854184
"4" -49.7 -19.5 12 0 -0.300855801202332 1.1832051965779 1.55480408376015
"5" -49.7 -19 26 0 -0.490265673365417 1.55420361229872 1.90673638335321
"6" -49.2 -20 22 5 -0.272349934777771 0.474759831247559 1.97426653485627
"7" -49.2 -19.5 27 4 0.0159859298958775 0.684689932123287 1.73773531716346
"8" -49.2 -19 36 0 0.0178897764602555 1.25217564817395 1.49254511722368
"9" -49.2 -18.5 1 0 -0.0856276160113793 1.72331257097197 0.0907773654067677
"10" -48.7 -20 21 9 0.166936215058042 -0.121899797404738 1.92415277199908
"11" -48.7 -19.5 5 2 0.591487372502247 0.018172657238631 1.48673146026038
"12" -48.7 -19 10 1 0.608005019031249 0.532862950172108 1.08941813705205
"13" -48.2 -20 10 7 0.522998469419912 -0.853533385699209 1.52600214464501
"14" -48.2 -19.5 8 4 0.798235036896658 -0.948626910633919 1.37111462032603
"15" -48.2 -19 15 0 0.655856698395066 0.0440641502769061 0.232628248579083
"16" -48.2 -18.5 2 0 0.566554748436158 0.53216201678836 0.301867414318121
"17" -47.7 -20 2 1 1.10430545407288 -1.41526709570023 0.481980080724937
"18" -47.7 -19.5 1 1 0.876119389563449 -0.929859191939918 -0.0400081988008696
"19" -47.7 -19 1 0 0.874647007720636 -0.248983504084382 -0.341612458406263
"20" -47.2 -21 7 6 0.310676047852837 -1.12051997270055 1.21182051922062
"21" -47.2 -20.5 6 6 0.929768156219149 -1.75433322669984 0.973181331828069
"22" -47.2 -20 3 2 1.26447731795141 -1.7275217353625 0.0279933604547133
"23" -46.7 -22.5 2 1 -1.13672692279902 -0.833731490315746 -0.14448107100416
"24" -46.7 -21.5 16 9 -1.10723605463758 -0.291430854497222 0.0140475877716308
"25" -46.7 -21 22 17 -0.154474625985965 -0.786267918562263 0.756836079047756
"26" -46.7 -20.5 6 3 0.720103174469162 -1.40090258647507 0.271558792614535
"27" -46.7 -20 5 4 0.957740880190881 -1.72998631857272 0.527120528682851
"28" -46.7 -19 1 1 0.641304587252395 0.0586473243342392 -0.7502177329242
"29" -46.2 -22.5 6 4 -2.02505205269583 -1.44431991527151 -0.421491576157153
"30" -46.2 -22 3 0 -1.56835472274769 -0.68839602834967 -0.398377703157268
"31" -46.2 -21.5 20 12 -0.882542381764592 -0.187204439436077 -0.0668258877017621
"32" -46.2 -21 4 2 0.147986535893108 -0.372146611516129 0.104898162582471
"33" -46.2 -20.5 9 4 0.156539177997734 -0.546309055364062 -0.0589329490093443
"34" -46.2 -20 3 1 0.493847587963794 -0.86487812861304 0.0114620428202603
"35" -46.2 -19.5 3 3 0.616863857198048 -0.471826499244812 -0.138198048703382
"36" -45.7 -22.5 9 3 -3.29868673703354 -0.612105828804345 -0.517527999526348
"37" -45.7 -22 113 99 -1.91419415268136 -0.138822839369921 -0.652594556742316
"38" -45.7 -21.5 24 15 -0.337266298182294 0.182184602162769 -0.832358655257359
"39" -45.7 -21 8 7 0.197381635090318 0.218089657266701 -0.65578709248207
"40" -45.7 -20.5 4 2 -0.0441344396020568 0.32944390029453 -0.455497529117818
"41" -45.7 -20 14 12 -0.209915806106355 0.49443533296375 -0.221278783530666
"42" -45.2 -22.5 12 4 -3.11661899361276 -0.963352925218176 -0.283076381587464
"43" -45.2 -22 315 274 -1.41286557537408 -0.36791488342214 -0.839139934391524
"44" -45.2 -21.5 70 59 0.0962289914815826 0.109781954845411 -1.12103128111535
"45" -45.2 -21 41 36 0.4377559202777 0.349602108750083 -1.2248490372011
"46" -45.2 -20.5 23 7 0.318294219706771 0.429274661237924 -0.747619682369335
"47" -45.2 -20 41 30 0.171088721203368 1.06136612113298 -1.07354486065621
"48" -45.2 -19.5 4 0 -0.0347009144077196 1.96806201470774 -0.964384922705303
"49" -45.2 -19 1 1 -0.087510977127671 2.68627861119745 -1.08394471232787
"50" -44.7 -22 2 0 -0.876133258037634 -0.779318724012988 -0.74092622650539
"51" -44.7 -21.5 2 1 0.552613034008745 -0.243867273681997 -1.09622132249038
"52" -44.7 -21 6 3 0.786697863347401 -0.0936437573706749 -0.631154196862903
"53" -44.7 -20.5 10 1 0.76708268922044 0.0783259566792611 -0.414913064601008
"54" -44.7 -20 1 0 0.715754820450353 0.938306991345435 -0.930466690171082
"55" -44.2 -22 1 0 -1.24235080548574 -0.607141734645697 -1.1324265024444
"56" -44.2 -21.5 5 1 0.317850212705757 -0.685465023444697 -0.326846655455745
"57" -44.2 -21 15 3 1.19233925920149 -0.398275569640666 -1.36955999813258
"58" -44.2 -20.5 287 152 1.22069470262674 -0.030853428918932 -1.7945376361228
"59" -44.2 -20 37 0 1.28691709850992 0.474283489268304 -1.37705446613268
"60" -44.2 -19.5 114 31 1.22199090372076 1.43233425619021 -1.65933626856257
