"LON" "LAT" "PARAMETER" "JAN" "FEB" "MAR" "APR" "MAY" "JUN" "JUL" "AUG" "SEP" "OCT" "NOV" "DEC" "ANN"
"1" -49.59999 -18.69999 "T2M" 24.9 24.85 24.56 23.84 21.77 20.99 21.56 23.99 26.48 27.36 26.3 25.3 24.33
"2" -49.59999 -18.69999 "PRECTOT" 8.06 6.72 5.83 2.44 1.05 0.54 0.23 0.52 1.85 3.42 5.74 7.41 3.65
"3" -49.59999 -18.69999 "WS10M" 2.69 2.44 2.49 2.71 2.93 3.19 3.69 3.97 3.9 3.29 2.91 2.84 3.09
"4" -49.19999 -18.69999 "T2M" 24.32 24.31 24.01 23.26 21.13 20.15 20.64 22.93 25.56 26.51 25.53 24.65 23.58
"5" -49.19999 -18.69999 "PRECTOT" 8.14 6.75 5.9 2.46 1.05 0.49 0.22 0.53 1.58 3.19 5.49 7.66 3.62
"6" -49.19999 -18.69999 "WS10M" 2.87 2.61 2.67 2.9 3.08 3.41 3.93 4.22 4.13 3.48 3.08 2.98 3.28
"7" -48.79999 -18.69999 "T2M" 23.74 23.76 23.43 22.59 20.38 19.13 19.35 21.37 24.08 25.25 24.52 23.94 22.63
"8" -48.79999 -18.69999 "PRECTOT" 8.23 6.86 5.99 2.54 1.08 0.49 0.22 0.54 1.58 3.23 5.51 7.79 3.67
"9" -48.79999 -18.69999 "WS10M" 3.11 2.84 2.89 3.07 3.19 3.46 3.93 4.19 4.13 3.59 3.26 3.17 3.4
"10" -48.39999 -18.69999 "T2M" 23.32 23.34 23.01 22.13 19.95 18.6 18.77 20.69 23.41 24.59 23.91 23.46 22.1
"11" -48.39999 -18.69999 "PRECTOT" 8.55 6.94 6.31 2.53 1.17 0.44 0.24 0.54 1.62 3.49 5.83 8.42 3.84
"12" -48.39999 -18.69999 "WS10M" 3.09 2.84 2.9 3.07 3.14 3.38 3.82 4.06 4.01 3.53 3.22 3.13 3.35
"13" -47.99999 -18.69999 "T2M" 22.88 22.87 22.53 21.62 19.5 18.1 18.25 20.14 22.88 24.06 23.39 23 21.6
"14" -47.99999 -18.69999 "PRECTOT" 8.6 6.95 6.4 2.51 1.19 0.42 0.25 0.54 1.63 3.59 5.98 8.64 3.89
"15" -47.99999 -18.69999 "WS10M" 3.14 2.9 2.97 3.09 3.13 3.33 3.74 3.96 3.97 3.55 3.29 3.19 3.36
"16" -50.39999 -19.09999 "T2M" 25.28 25.11 24.81 23.95 21.63 20.9 21.41 23.95 26.41 27.58 26.76 25.81 24.47
"17" -50.39999 -19.09999 "PRECTOT" 8.54 6.9 5.72 2.39 1.2 0.63 0.31 0.55 2.1 3.39 5.46 7.33 3.71
"18" -50.39999 -19.09999 "WS10M" 2.66 2.42 2.46 2.66 2.84 3.04 3.54 3.77 3.8 3.26 2.95 2.82 3.02
"19" -49.99999 -19.09999 "T2M" 24.86 24.75 24.42 23.56 21.18 20.3 20.75 23.17 25.79 26.98 26.17 25.29 23.93
"20" -49.99999 -19.09999 "PRECTOT" 8.57 6.99 5.74 2.46 1.17 0.59 0.3 0.55 1.9 3.3 5.45 7.43 3.71
"21" -49.99999 -19.09999 "WS10M" 2.77 2.51 2.56 2.74 2.93 3.18 3.66 3.9 3.92 3.36 3.04 2.92 3.12
"22" -49.59999 -19.09999 "T2M" 24.86 24.75 24.42 23.56 21.18 20.3 20.75 23.17 25.79 26.98 26.17 25.29 23.93
"23" -49.59999 -19.09999 "PRECTOT" 8.57 6.99 5.74 2.46 1.17 0.59 0.3 0.55 1.9 3.3 5.45 7.43 3.71
"24" -49.59999 -19.09999 "WS10M" 2.77 2.51 2.56 2.74 2.93 3.18 3.66 3.9 3.92 3.36 3.04 2.92 3.12
"25" -49.19999 -19.09999 "T2M" 24.3 24.25 23.91 23.06 20.69 19.65 19.95 22.21 24.88 26.09 25.32 24.59 23.24
"26" -49.19999 -19.09999 "PRECTOT" 8.65 7.16 5.86 2.58 1.15 0.54 0.28 0.57 1.62 3.16 5.34 7.64 3.71
"27" -49.19999 -19.09999 "WS10M" 2.92 2.62 2.67 2.83 2.99 3.28 3.76 3.99 3.99 3.44 3.13 3.04 3.22
"28" -48.79999 -19.09999 "T2M" 23.69 23.68 23.32 22.44 20.1 18.94 19.1 21.2 23.86 25.12 24.44 23.88 22.48
"29" -48.79999 -19.09999 "PRECTOT" 8.75 7.28 5.96 2.64 1.17 0.53 0.28 0.57 1.59 3.21 5.38 7.75 3.76
"30" -48.79999 -19.09999 "WS10M" 3.11 2.78 2.82 2.95 3.06 3.35 3.81 4.04 4.03 3.54 3.26 3.19 3.33
"31" -48.39999 -19.09999 "T2M" 23.06 23.04 22.69 21.76 19.45 18.19 18.26 20.2 22.85 24.14 23.57 23.18 21.7
"32" -48.39999 -19.09999 "PRECTOT" 9.01 7.3 6.31 2.73 1.33 0.48 0.29 0.56 1.73 3.58 5.71 8.4 3.95
"33" -48.39999 -19.09999 "WS10M" 3.16 2.84 2.9 3.02 3.09 3.35 3.76 3.97 3.97 3.53 3.29 3.21 3.34
"34" -47.99999 -19.09999 "T2M" 22.42 22.37 22.01 21.05 18.79 17.48 17.53 19.42 22.08 23.36 22.83 22.52 20.99
"35" -47.99999 -19.09999 "PRECTOT" 9 7.21 6.37 2.72 1.37 0.46 0.3 0.56 1.81 3.7 5.86 8.63 4
"36" -47.99999 -19.09999 "WS10M" 3.22 2.92 2.99 3.07 3.11 3.29 3.69 3.88 3.93 3.57 3.36 3.28 3.36
"37" -46.79999 -19.09999 "T2M" 21.85 21.78 21.39 20.39 18.35 17.18 17.44 19.5 22.06 23.12 22.43 22 20.63
"38" -46.79999 -19.09999 "PRECTOT" 8.72 6.76 5.96 2.51 1.26 0.41 0.31 0.54 1.88 3.5 6.08 8.73 3.89
"39" -46.79999 -19.09999 "WS10M" 3.17 2.94 2.99 2.99 3 3.06 3.45 3.71 3.85 3.59 3.4 3.32 3.29
"40" -45.19999 -19.09999 "T2M" 23.44 23.47 23.02 22.06 20.24 19.09 19.56 21.57 23.98 25.18 24.2 23.62 22.45
"41" -45.19999 -19.09999 "PRECTOT" 7.64 5.61 5.25 1.91 0.93 0.32 0.24 0.41 1.45 2.8 6.15 8.73 3.45
"42" -45.19999 -19.09999 "WS10M" 3.05 2.82 2.82 2.77 2.78 2.77 3.09 3.45 3.69 3.6 3.38 3.24 3.12
"43" -50.79999 -19.49999 "T2M" 25.5 25.3 25.02 24.13 21.82 21.1 21.54 24.11 26.45 27.63 26.91 26.05 24.63
"44" -50.79999 -19.49999 "PRECTOT" 8.62 7.07 5.95 2.45 1.3 0.67 0.32 0.58 2.14 3.43 5.37 7.38 3.77
"45" -50.79999 -19.49999 "WS10M" 2.58 2.36 2.37 2.56 2.71 2.88 3.36 3.56 3.63 3.12 2.86 2.75 2.89
"46" -49.99999 -19.49999 "T2M" 24.86 24.75 24.42 23.56 21.18 20.3 20.75 23.17 25.79 26.98 26.17 25.29 23.93
"47" -49.99999 -19.49999 "PRECTOT" 8.57 6.99 5.74 2.46 1.17 0.59 0.3 0.55 1.9 3.3 5.45 7.43 3.71
"48" -49.99999 -19.49999 "WS10M" 2.77 2.51 2.56 2.74 2.93 3.18 3.66 3.9 3.92 3.36 3.04 2.92 3.12
"49" -49.59999 -19.49999 "T2M" 24.86 24.75 24.42 23.56 21.18 20.3 20.75 23.17 25.79 26.98 26.17 25.29 23.93
"50" -49.59999 -19.49999 "PRECTOT" 8.57 6.99 5.74 2.46 1.17 0.59 0.3 0.55 1.9 3.3 5.45 7.43 3.71
"51" -49.59999 -19.49999 "WS10M" 2.77 2.51 2.56 2.74 2.93 3.18 3.66 3.9 3.92 3.36 3.04 2.92 3.12
"52" -49.19999 -19.49999 "T2M" 24.3 24.25 23.91 23.06 20.69 19.65 19.95 22.21 24.88 26.09 25.32 24.59 23.24
"53" -49.19999 -19.49999 "PRECTOT" 8.65 7.16 5.86 2.58 1.15 0.54 0.28 0.57 1.62 3.16 5.34 7.64 3.71
"54" -49.19999 -19.49999 "WS10M" 2.92 2.62 2.67 2.83 2.99 3.28 3.76 3.99 3.99 3.44 3.13 3.04 3.22
"55" -48.79999 -19.49999 "T2M" 23.69 23.68 23.32 22.44 20.1 18.94 19.1 21.2 23.86 25.12 24.44 23.88 22.48
"56" -48.79999 -19.49999 "PRECTOT" 8.75 7.28 5.96 2.64 1.17 0.53 0.28 0.57 1.59 3.21 5.38 7.75 3.76
"57" -48.79999 -19.49999 "WS10M" 3.11 2.78 2.82 2.95 3.06 3.35 3.81 4.04 4.03 3.54 3.26 3.19 3.33
"58" -48.39999 -19.49999 "T2M" 23.06 23.04 22.69 21.76 19.45 18.19 18.26 20.2 22.85 24.14 23.57 23.18 21.7
"59" -48.39999 -19.49999 "PRECTOT" 9.01 7.3 6.31 2.73 1.33 0.48 0.29 0.56 1.73 3.58 5.71 8.4 3.95
"60" -48.39999 -19.49999 "WS10M" 3.16 2.84 2.9 3.02 3.09 3.35 3.76 3.97 3.97 3.53 3.29 3.21 3.34
"61" -47.99999 -19.49999 "T2M" 22.42 22.37 22.01 21.05 18.79 17.48 17.53 19.42 22.08 23.36 22.83 22.52 20.99
"62" -47.99999 -19.49999 "PRECTOT" 9 7.21 6.37 2.72 1.37 0.46 0.3 0.56 1.81 3.7 5.86 8.63 4
"63" -47.99999 -19.49999 "WS10M" 3.22 2.92 2.99 3.07 3.11 3.29 3.69 3.88 3.93 3.57 3.36 3.28 3.36
"64" -46.39999 -19.49999 "T2M" 21.82 21.77 21.37 20.37 18.44 17.27 17.61 19.61 22.09 23.17 22.43 21.97 20.66
"65" -46.39999 -19.49999 "PRECTOT" 8.52 6.49 5.81 2.43 1.2 0.38 0.3 0.52 1.8 3.39 6.2 8.82 3.82
"66" -46.39999 -19.49999 "WS10M" 3.15 2.91 2.93 2.88 2.87 2.91 3.28 3.58 3.75 3.56 3.41 3.36 3.21
"67" -45.99999 -19.49999 "T2M" 23 22.97 22.52 21.51 19.58 18.4 18.86 20.92 23.46 24.65 23.77 23.2 21.9
"68" -45.99999 -19.49999 "PRECTOT" 7.98 6.09 5.52 2.19 1.08 0.34 0.27 0.47 1.59 3.11 6.14 8.58 3.61
"69" -45.99999 -19.49999 "WS10M" 2.97 2.71 2.7 2.61 2.62 2.61 2.93 3.25 3.5 3.39 3.26 3.21 2.98
"70" -45.19999 -19.49999 "T2M" 23.44 23.47 23.02 22.06 20.24 19.09 19.56 21.57 23.98 25.18 24.2 23.62 22.45
"71" -45.19999 -19.49999 "PRECTOT" 7.64 5.61 5.25 1.91 0.93 0.32 0.24 0.41 1.45 2.8 6.15 8.73 3.45
"72" -45.19999 -19.49999 "WS10M" 3.05 2.82 2.82 2.77 2.78 2.77 3.09 3.45 3.69 3.6 3.38 3.24 3.12
"73" -44.79999 -19.49999 "T2M" 23.31 23.4 22.99 22.13 20.47 19.39 19.8 21.69 23.91 25.04 24.01 23.43 22.46
"74" -44.79999 -19.49999 "PRECTOT" 7.55 5.24 5.12 1.75 0.83 0.3 0.22 0.37 1.41 2.67 6.29 9.05 3.4
"75" -44.79999 -19.49999 "WS10M" 3.17 3.02 3.02 3.03 3.06 3.09 3.46 3.84 4.06 3.92 3.58 3.33 3.38
"76" -44.39999 -19.49999 "T2M" 22.66 22.82 22.45 21.66 20.15 19.12 19.42 21.13 23.2 24.26 23.26 22.74 21.91
"77" -44.39999 -19.49999 "PRECTOT" 7.67 5.04 5.13 1.77 0.82 0.3 0.22 0.38 1.43 2.73 6.6 9.4 3.46
"78" -44.39999 -19.49999 "WS10M" 3.22 3.16 3.15 3.18 3.25 3.3 3.73 4.12 4.37 4.17 3.71 3.37 3.56
"79" -43.99999 -19.49999 "T2M" 21.5 21.65 21.33 20.52 19.04 17.93 18.05 19.51 21.51 22.59 21.8 21.51 20.58
"80" -43.99999 -19.49999 "PRECTOT" 7.81 4.85 5.2 1.9 0.87 0.32 0.24 0.42 1.46 2.9 7.09 9.74 3.57
"81" -43.99999 -19.49999 "WS10M" 3.36 3.38 3.32 3.35 3.4 3.46 3.93 4.34 4.62 4.42 3.91 3.5 3.75
"82" -50.39999 -19.89999 "T2M" 25.52 25.32 24.99 23.98 21.42 20.56 20.98 23.54 26.06 27.46 26.93 26.1 24.4
"83" -50.39999 -19.89999 "PRECTOT" 8.79 7.06 5.71 2.47 1.42 0.74 0.38 0.61 2.01 3.04 4.73 7.18 3.68
"84" -50.39999 -19.89999 "WS10M" 2.78 2.53 2.58 2.8 2.94 3.12 3.6 3.82 3.93 3.43 3.16 2.97 3.14
"85" -49.59999 -19.89999 "T2M" 25.2 25.05 24.7 23.69 21.08 20.08 20.41 22.85 25.51 26.95 26.4 25.65 23.96
"86" -49.59999 -19.89999 "PRECTOT" 8.9 7.22 5.75 2.57 1.39 0.68 0.38 0.61 1.88 3.07 4.93 7.32 3.73
"87" -49.59999 -19.89999 "WS10M" 2.83 2.56 2.62 2.81 2.94 3.14 3.6 3.8 3.91 3.43 3.18 3.01 3.15
"88" -49.19999 -19.89999 "T2M" 24.75 24.67 24.29 23.3 20.74 19.66 19.89 22.18 24.86 26.27 25.69 25.05 23.45
"89" -49.19999 -19.89999 "PRECTOT" 9.1 7.49 5.89 2.71 1.37 0.61 0.36 0.62 1.7 3.16 5.21 7.58 3.82
"90" -49.19999 -19.89999 "WS10M" 2.88 2.58 2.63 2.79 2.9 3.12 3.57 3.76 3.85 3.4 3.17 3.05 3.14
"91" -48.79999 -19.89999 "T2M" 24.37 24.33 23.95 22.96 20.45 19.33 19.5 21.7 24.38 25.77 25.2 24.61 23.05
"92" -48.79999 -19.89999 "PRECTOT" 9.26 7.64 6.07 2.78 1.39 0.58 0.35 0.6 1.68 3.3 5.34 7.78 3.9
"93" -48.79999 -19.89999 "WS10M" 3.05 2.71 2.75 2.88 2.97 3.21 3.65 3.84 3.93 3.52 3.31 3.21 3.25
"94" -48.39999 -19.89999 "T2M" 23.88 23.85 23.46 22.47 20.05 18.93 19.08 21.22 23.82 25.11 24.55 24.06 22.54
"95" -48.39999 -19.89999 "PRECTOT" 9.46 7.59 6.3 2.84 1.53 0.55 0.35 0.58 1.86 3.67 5.68 8.4 4.07
"96" -48.39999 -19.89999 "WS10M" 3.1 2.78 2.84 2.98 3.04 3.31 3.72 3.92 3.98 3.56 3.34 3.23 3.32
"97" -47.99999 -19.89999 "T2M" 22.92 22.87 22.47 21.46 19.11 17.95 18.08 20.17 22.78 24.03 23.47 23.07 21.53
"98" -47.99999 -19.89999 "PRECTOT" 9.48 7.47 6.35 2.82 1.56 0.53 0.36 0.58 1.98 3.82 5.87 8.73 4.13
"99" -47.99999 -19.89999 "WS10M" 3.21 2.91 2.99 3.1 3.12 3.36 3.74 3.96 4.03 3.65 3.44 3.32 3.4
"100" -47.59999 -19.89999 "T2M" 22.92 22.87 22.47 21.46 19.11 17.95 18.08 20.17 22.78 24.03 23.47 23.07 21.53
"101" -47.59999 -19.89999 "PRECTOT" 9.48 7.47 6.35 2.82 1.56 0.53 0.36 0.58 1.98 3.82 5.87 8.73 4.13
"102" -47.59999 -19.89999 "WS10M" 3.21 2.91 2.99 3.1 3.12 3.36 3.74 3.96 4.03 3.65 3.44 3.32 3.4
"103" -47.19999 -19.89999 "T2M" 21.94 21.85 21.46 20.42 18.17 17.01 17.22 19.33 21.9 23.05 22.46 22.08 20.58
"104" -47.19999 -19.89999 "PRECTOT" 9.4 7.29 6.26 2.76 1.52 0.5 0.36 0.59 2.06 3.81 5.98 8.9 4.12
"105" -47.19999 -19.89999 "WS10M" 3.27 2.99 3.06 3.12 3.12 3.28 3.66 3.89 4.02 3.69 3.52 3.39 3.42
"106" -46.39999 -19.89999 "T2M" 21.8 21.73 21.31 20.28 18.27 17.16 17.57 19.66 22.03 23.01 22.37 21.94 20.59
"107" -46.39999 -19.89999 "PRECTOT" 9.01 6.72 5.8 2.52 1.39 0.43 0.33 0.56 2 3.56 6.03 8.92 3.94
"108" -46.39999 -19.89999 "WS10M" 3.11 2.84 2.86 2.78 2.8 2.84 3.21 3.53 3.72 3.5 3.37 3.33 3.16
"109" -45.99999 -19.89999 "T2M" 22.87 22.81 22.35 21.33 19.28 18.07 18.51 20.6 23.1 24.32 23.58 23.07 21.66
"110" -45.99999 -19.89999 "PRECTOT" 8.6 6.27 5.41 2.24 1.28 0.41 0.31 0.52 1.8 3.3 6.02 8.87 3.75
"111" -45.99999 -19.89999 "WS10M" 2.98 2.72 2.7 2.6 2.61 2.6 2.93 3.27 3.53 3.41 3.28 3.21 2.99
"112" -45.59999 -19.89999 "T2M" 22.87 22.81 22.35 21.33 19.28 18.07 18.51 20.6 23.1 24.32 23.58 23.07 21.66
"113" -45.59999 -19.89999 "PRECTOT" 8.6 6.27 5.41 2.24 1.28 0.41 0.31 0.52 1.8 3.3 6.02 8.87 3.75
"114" -45.59999 -19.89999 "WS10M" 2.98 2.72 2.7 2.6 2.61 2.6 2.93 3.27 3.53 3.41 3.28 3.21 2.99
"115" -45.19999 -19.89999 "T2M" 22.95 22.95 22.49 21.52 19.6 18.45 18.89 20.93 23.26 24.45 23.59 23.12 21.85
"116" -45.19999 -19.89999 "PRECTOT" 8.33 5.8 5.2 1.97 1.11 0.4 0.28 0.47 1.66 3.01 6.13 9.18 3.63
"117" -45.19999 -19.89999 "WS10M" 3.06 2.83 2.82 2.75 2.77 2.77 3.1 3.46 3.72 3.6 3.39 3.26 3.13
"118" -44.79999 -19.89999 "T2M" 22.62 22.68 22.25 21.34 19.6 18.55 18.94 20.84 22.95 24.06 23.15 22.73 21.64
"119" -44.79999 -19.89999 "PRECTOT" 8.23 5.46 5.17 1.82 0.97 0.38 0.25 0.44 1.6 2.87 6.33 9.56 3.59
"120" -44.79999 -19.89999 "WS10M" 3.19 3.02 3.01 2.98 3.04 3.06 3.43 3.8 4.05 3.89 3.59 3.38 3.37
"121" -44.39999 -19.89999 "T2M" 22.09 22.19 21.8 20.93 19.33 18.31 18.58 20.28 22.25 23.35 22.5 22.15 21.15
"122" -44.39999 -19.89999 "PRECTOT" 8.27 5.26 5.24 1.82 0.92 0.36 0.24 0.44 1.61 2.88 6.62 9.86 3.63
"123" -44.39999 -19.89999 "WS10M" 3.26 3.14 3.11 3.11 3.2 3.21 3.64 4.02 4.3 4.1 3.72 3.45 3.52
"124" -43.99999 -19.89999 "T2M" 21.27 21.33 20.98 20.08 18.47 17.37 17.49 18.95 20.89 22.1 21.41 21.26 20.13
"125" -43.99999 -19.89999 "PRECTOT" 8.33 5.05 5.27 1.91 0.97 0.36 0.25 0.48 1.64 3 7.05 10.05 3.7
"126" -43.99999 -19.89999 "WS10M" 3.31 3.23 3.17 3.18 3.24 3.23 3.68 4.04 4.38 4.21 3.84 3.51 3.59
"127" -49.19999 -20.29999 "T2M" 25 24.86 24.45 23.34 20.68 19.63 19.92 22.32 24.98 26.53 26.08 25.43 23.6
"128" -49.19999 -20.29999 "PRECTOT" 9.04 7.41 5.62 2.69 1.59 0.71 0.44 0.68 1.77 3.07 4.96 7.25 3.77
"129" -49.19999 -20.29999 "WS10M" 2.86 2.58 2.67 2.86 2.94 3.08 3.52 3.7 3.91 3.51 3.3 3.08 3.17
"130" -48.79999 -20.29999 "T2M" 24.9 24.82 24.42 23.34 20.76 19.73 20.03 22.39 25 26.43 25.91 25.25 23.58
"131" -48.79999 -20.29999 "PRECTOT" 9.19 7.51 5.8 2.71 1.62 0.67 0.42 0.65 1.74 3.24 5.17 7.52 3.85
"132" -48.79999 -20.29999 "WS10M" 3 2.7 2.78 2.95 3.02 3.17 3.61 3.79 4.02 3.65 3.44 3.23 3.28
"133" -47.19999 -20.29999 "T2M" 22.46 22.39 21.95 20.88 18.56 17.5 17.83 20.1 22.58 23.65 23.05 22.6 21.13
"134" -47.19999 -20.29999 "PRECTOT" 9.54 7.4 6.1 2.72 1.7 0.57 0.42 0.64 2.11 3.89 5.92 8.83 4.16
"135" -47.19999 -20.29999 "WS10M" 3.14 2.9 3 3.09 3.1 3.28 3.66 3.91 4.05 3.69 3.5 3.32 3.39
"136" -46.79999 -20.29999 "T2M" 21.9 21.8 21.36 20.24 17.94 16.79 17.11 19.26 21.73 22.87 22.37 22.02 20.45
"137" -46.79999 -20.29999 "PRECTOT" 9.37 7.07 5.93 2.6 1.6 0.52 0.4 0.63 2.11 3.76 5.81 8.81 4.05
"138" -46.79999 -20.29999 "WS10M" 3.18 2.94 3.01 3.01 3 3.09 3.45 3.73 3.92 3.65 3.5 3.37 3.32
"139" -46.39999 -20.29999 "T2M" 22.16 22.05 21.59 20.5 18.26 17.05 17.35 19.4 21.83 23.04 22.63 22.3 20.68
"140" -46.39999 -20.29999 "PRECTOT" 9.13 6.7 5.67 2.45 1.52 0.48 0.37 0.6 2.05 3.57 5.67 8.63 3.9
"141" -46.39999 -20.29999 "WS10M" 3.1 2.84 2.86 2.79 2.79 2.8 3.14 3.43 3.68 3.49 3.4 3.34 3.14
"142" -45.99999 -20.29999 "T2M" 22.75 22.69 22.2 21.14 18.92 17.65 17.97 20.01 22.46 23.79 23.28 22.92 21.32
"143" -45.99999 -20.29999 "PRECTOT" 8.91 6.3 5.3 2.22 1.43 0.49 0.35 0.55 1.93 3.33 5.72 8.69 3.77
"144" -45.99999 -20.29999 "WS10M" 3.09 2.83 2.81 2.73 2.72 2.71 3.02 3.31 3.62 3.51 3.41 3.32 3.09
"145" -45.59999 -20.29999 "T2M" 22.75 22.69 22.2 21.14 18.92 17.65 17.97 20.01 22.46 23.79 23.28 22.92 21.32
"146" -45.59999 -20.29999 "PRECTOT" 8.91 6.3 5.3 2.22 1.43 0.49 0.35 0.55 1.93 3.33 5.72 8.69 3.77
"147" -45.59999 -20.29999 "WS10M" 3.09 2.83 2.81 2.73 2.72 2.71 3.02 3.31 3.62 3.51 3.41 3.32 3.09
"148" -45.19999 -20.29999 "T2M" 22.42 22.42 21.95 20.94 18.9 17.73 18.11 20.11 22.32 23.51 22.85 22.53 21.15
"149" -45.19999 -20.29999 "PRECTOT" 8.72 5.89 5.12 2.01 1.26 0.48 0.32 0.52 1.83 3.14 5.94 9.09 3.69
"150" -45.19999 -20.29999 "WS10M" 3.17 2.91 2.9 2.85 2.88 2.88 3.19 3.49 3.8 3.66 3.51 3.39 3.22
"151" -44.79999 -20.29999 "T2M" 21.93 21.99 21.55 20.6 18.76 17.72 18.06 19.96 21.9 22.97 22.24 21.98 20.81
"152" -44.79999 -20.29999 "PRECTOT" 8.62 5.6 5.13 1.89 1.11 0.46 0.29 0.5 1.79 3.06 6.21 9.53 3.68
"153" -44.79999 -20.29999 "WS10M" 3.22 2.99 3 2.98 3.06 3.06 3.42 3.73 4.02 3.83 3.63 3.47 3.37
"154" -44.39999 -20.29999 "T2M" 21.52 21.61 21.19 20.25 18.55 17.55 17.75 19.46 21.27 22.37 21.68 21.51 20.39
"155" -44.39999 -20.29999 "PRECTOT" 8.59 5.43 5.24 1.88 1.04 0.43 0.27 0.51 1.81 3.1 6.52 9.84 3.72
"156" -44.39999 -20.29999 "WS10M" 3.23 3.04 3.04 3.05 3.14 3.12 3.53 3.85 4.16 3.95 3.7 3.5 3.44
"157" -43.99999 -20.29999 "T2M" 20.87 20.9 20.49 19.48 17.72 16.64 16.72 18.2 20.03 21.31 20.77 20.8 19.5
"158" -43.99999 -20.29999 "PRECTOT" 8.58 5.25 5.28 1.96 1.07 0.4 0.28 0.54 1.83 3.21 6.89 9.93 3.77
"159" -43.99999 -20.29999 "WS10M" 3.31 3.13 3.1 3.09 3.16 3.11 3.52 3.84 4.22 4.06 3.82 3.58 3.5
"160" -47.19999 -20.69999 "T2M" 22.87 22.81 22.33 21.23 18.86 17.86 18.24 20.54 22.87 23.93 23.43 23.01 21.5
"161" -47.19999 -20.69999 "PRECTOT" 9.18 7.28 5.76 2.61 1.85 0.66 0.49 0.71 2.09 3.8 5.75 8.37 4.05
"162" -47.19999 -20.69999 "WS10M" 2.9 2.7 2.8 2.9 2.97 3.16 3.53 3.79 3.92 3.54 3.33 3.12 3.22
"163" -46.79999 -20.69999 "T2M" 22.49 22.4 21.88 20.71 18.23 17.03 17.26 19.38 21.85 23.14 22.82 22.58 20.82
"164" -46.79999 -20.69999 "PRECTOT" 9.03 6.93 5.69 2.52 1.76 0.6 0.47 0.68 2.08 3.73 5.59 8.34 3.95
"165" -46.79999 -20.69999 "WS10M" 2.87 2.69 2.76 2.78 2.8 2.89 3.22 3.48 3.68 3.41 3.25 3.09 3.08
"166" -46.39999 -20.69999 "T2M" 22.42 22.31 21.79 20.63 18.14 16.82 16.91 18.86 21.33 22.81 22.66 22.52 20.6
"167" -46.39999 -20.69999 "PRECTOT" 8.83 6.54 5.52 2.4 1.68 0.56 0.44 0.64 2.03 3.56 5.38 8.12 3.81
"168" -46.39999 -20.69999 "WS10M" 3.16 2.92 2.93 2.86 2.85 2.83 3.14 3.38 3.71 3.55 3.49 3.4 3.19
"169" -45.99999 -20.69999 "T2M" 22.58 22.52 21.98 20.86 18.46 17.15 17.3 19.25 21.62 23.07 22.84 22.69 20.86
"170" -45.99999 -20.69999 "PRECTOT" 8.81 6.26 5.26 2.2 1.57 0.55 0.41 0.58 1.99 3.32 5.41 8.21 3.71
"171" -45.99999 -20.69999 "WS10M" 3.21 2.94 2.91 2.86 2.86 2.82 3.1 3.34 3.71 3.59 3.54 3.45 3.2
"172" -45.59999 -20.69999 "T2M" 22.58 22.52 21.98 20.86 18.46 17.15 17.3 19.25 21.62 23.07 22.84 22.69 20.86
"173" -45.59999 -20.69999 "PRECTOT" 8.81 6.26 5.26 2.2 1.57 0.55 0.41 0.58 1.99 3.32 5.41 8.21 3.71
"174" -45.59999 -20.69999 "WS10M" 3.21 2.94 2.91 2.86 2.86 2.82 3.1 3.34 3.71 3.59 3.54 3.45 3.2
"175" -45.19999 -20.69999 "T2M" 22.09 22.09 21.56 20.5 18.3 17.13 17.4 19.38 21.49 22.71 22.31 22.16 20.59
"176" -45.19999 -20.69999 "PRECTOT" 8.75 5.95 5.13 2.01 1.38 0.53 0.38 0.54 1.94 3.16 5.65 8.61 3.67
"177" -45.19999 -20.69999 "WS10M" 3.25 2.95 2.94 2.93 2.97 2.96 3.25 3.53 3.88 3.72 3.61 3.49 3.29
"178" -44.79999 -20.69999 "T2M" 21.54 21.6 21.1 20.08 18.09 17.05 17.33 19.27 21.08 22.14 21.64 21.54 20.21
"179" -44.79999 -20.69999 "PRECTOT" 8.7 5.74 5.13 1.89 1.23 0.51 0.35 0.52 1.92 3.14 5.95 9.02 3.67
"180" -44.79999 -20.69999 "WS10M" 3.25 2.97 3 3.01 3.1 3.09 3.42 3.72 4.04 3.84 3.7 3.53 3.39
"181" -44.39999 -20.69999 "T2M" 21.18 21.26 20.78 19.75 17.88 16.89 17.05 18.83 20.45 21.52 21.05 21.1 19.81
"182" -44.39999 -20.69999 "PRECTOT" 8.69 5.64 5.24 1.91 1.16 0.47 0.34 0.53 1.93 3.24 6.27 9.31 3.73
"183" -44.39999 -20.69999 "WS10M" 3.25 3.01 3.04 3.05 3.15 3.12 3.49 3.81 4.12 3.9 3.75 3.58 3.44
"184" -43.99999 -20.69999 "T2M" 20.85 20.89 20.39 19.27 17.32 16.29 16.34 17.9 19.58 20.79 20.45 20.69 19.23
"185" -43.99999 -20.69999 "PRECTOT" 8.71 5.52 5.39 2.04 1.16 0.44 0.34 0.56 1.97 3.42 6.69 9.48 3.81
"186" -43.99999 -20.69999 "WS10M" 3.28 3.05 3.03 3.01 3.09 3.05 3.41 3.71 4.09 3.92 3.78 3.6 3.42
"187" -47.19999 -21.09999 "T2M" 22.97 22.89 22.38 21.21 18.72 17.71 18.07 20.32 22.56 23.75 23.45 23.13 21.43
"188" -47.19999 -21.09999 "PRECTOT" 8.85 7.14 5.47 2.53 1.97 0.76 0.59 0.8 2.09 3.65 5.53 7.87 3.94
"189" -47.19999 -21.09999 "WS10M" 2.7 2.49 2.55 2.65 2.78 2.96 3.29 3.55 3.7 3.35 3.13 2.92 3.01
"190" -46.79999 -21.09999 "T2M" 22.36 22.27 21.72 20.47 17.83 16.63 16.81 18.89 21.28 22.69 22.53 22.43 20.49
"191" -46.79999 -21.09999 "PRECTOT" 8.81 6.91 5.58 2.52 1.94 0.7 0.58 0.76 2.16 3.7 5.51 8.02 3.93
"192" -46.79999 -21.09999 "WS10M" 2.47 2.32 2.35 2.39 2.46 2.59 2.88 3.12 3.29 3.03 2.84 2.66 2.7
"193" -46.39999 -21.09999 "T2M" 22.29 22.19 21.62 20.41 17.75 16.42 16.43 18.32 20.65 22.25 22.26 22.32 20.24
"194" -46.39999 -21.09999 "PRECTOT" 8.72 6.59 5.51 2.45 1.87 0.66 0.55 0.69 2.13 3.57 5.34 7.9 3.83
"195" -46.39999 -21.09999 "WS10M" 2.74 2.55 2.53 2.5 2.51 2.51 2.78 2.97 3.27 3.13 3.04 2.94 2.79
"196" -45.99999 -21.09999 "T2M" 22.41 22.34 21.75 20.54 17.98 16.68 16.72 18.62 20.89 22.45 22.43 22.46 20.44
"197" -45.99999 -21.09999 "PRECTOT" 8.76 6.39 5.33 2.27 1.75 0.63 0.52 0.63 2.1 3.38 5.31 7.95 3.75
"198" -45.99999 -21.09999 "WS10M" 3.05 2.8 2.74 2.71 2.73 2.7 2.95 3.16 3.52 3.4 3.36 3.27 3.03
"199" -45.59999 -21.09999 "T2M" 22.41 22.34 21.75 20.54 17.98 16.68 16.72 18.62 20.89 22.45 22.43 22.46 20.44
"200" -45.59999 -21.09999 "PRECTOT" 8.76 6.39 5.33 2.27 1.75 0.63 0.52 0.63 2.1 3.38 5.31 7.95 3.75
"201" -45.59999 -21.09999 "WS10M" 3.05 2.8 2.74 2.71 2.73 2.7 2.95 3.16 3.52 3.4 3.36 3.27 3.03
"202" -45.19999 -21.09999 "T2M" 21.95 21.94 21.36 20.2 17.82 16.64 16.81 18.77 20.84 22.16 21.99 21.98 20.2
"203" -45.19999 -21.09999 "PRECTOT" 8.8 6.17 5.25 2.07 1.54 0.59 0.48 0.57 2.07 3.26 5.55 8.32 3.72
"204" -45.19999 -21.09999 "WS10M" 3.13 2.84 2.82 2.81 2.88 2.86 3.14 3.39 3.75 3.6 3.52 3.37 3.18
"205" -44.79999 -21.09999 "T2M" 21.41 21.45 20.88 19.76 17.56 16.5 16.71 18.65 20.45 21.59 21.31 21.37 19.8
"206" -44.79999 -21.09999 "PRECTOT" 8.85 6.02 5.26 1.94 1.37 0.56 0.45 0.54 2.05 3.23 5.83 8.66 3.73
"207" -44.79999 -21.09999 "WS10M" 3.13 2.84 2.85 2.85 2.95 2.95 3.24 3.53 3.88 3.7 3.57 3.4 3.24
"208" -44.39999 -21.09999 "T2M" 21.06 21.13 20.57 19.44 17.34 16.34 16.45 18.24 19.82 20.94 20.7 20.93 19.41
"209" -44.39999 -21.09999 "PRECTOT" 8.88 5.95 5.39 1.96 1.3 0.53 0.44 0.54 2.05 3.33 6.1 8.88 3.78
"210" -44.39999 -21.09999 "WS10M" 3 2.74 2.76 2.75 2.86 2.84 3.16 3.45 3.77 3.58 3.45 3.28 3.14
"211" -43.99999 -21.09999 "T2M" 21.03 21.06 20.47 19.25 17.08 16.06 16.06 17.63 19.22 20.48 20.37 20.8 19.13
"212" -43.99999 -21.09999 "PRECTOT" 8.9 5.88 5.69 2.17 1.26 0.5 0.44 0.58 2.05 3.55 6.5 9.11 3.89
"213" -43.99999 -21.09999 "WS10M" 2.59 2.38 2.35 2.33 2.39 2.4 2.67 2.93 3.24 3.09 2.98 2.82 2.68
"214" -46.79999 -21.49999 "T2M" 22.36 22.27 21.72 20.47 17.83 16.63 16.81 18.89 21.28 22.69 22.53 22.43 20.49
"215" -46.79999 -21.49999 "PRECTOT" 8.81 6.91 5.58 2.52 1.94 0.7 0.58 0.76 2.16 3.7 5.51 8.02 3.93
"216" -46.79999 -21.49999 "WS10M" 2.47 2.32 2.35 2.39 2.46 2.59 2.88 3.12 3.29 3.03 2.84 2.66 2.7
"217" -46.39999 -21.49999 "T2M" 22.29 22.19 21.62 20.41 17.75 16.42 16.43 18.32 20.65 22.25 22.26 22.32 20.24
"218" -46.39999 -21.49999 "PRECTOT" 8.72 6.59 5.51 2.45 1.87 0.66 0.55 0.69 2.13 3.57 5.34 7.9 3.83
"219" -46.39999 -21.49999 "WS10M" 2.74 2.55 2.53 2.5 2.51 2.51 2.78 2.97 3.27 3.13 3.04 2.94 2.79
"220" -45.99999 -21.49999 "T2M" 22.41 22.34 21.75 20.54 17.98 16.68 16.72 18.62 20.89 22.45 22.43 22.46 20.44
"221" -45.99999 -21.49999 "PRECTOT" 8.76 6.39 5.33 2.27 1.75 0.63 0.52 0.63 2.1 3.38 5.31 7.95 3.75
"222" -45.99999 -21.49999 "WS10M" 3.05 2.8 2.74 2.71 2.73 2.7 2.95 3.16 3.52 3.4 3.36 3.27 3.03
"223" -45.59999 -21.49999 "T2M" 22.41 22.34 21.75 20.54 17.98 16.68 16.72 18.62 20.89 22.45 22.43 22.46 20.44
"224" -45.59999 -21.49999 "PRECTOT" 8.76 6.39 5.33 2.27 1.75 0.63 0.52 0.63 2.1 3.38 5.31 7.95 3.75
"225" -45.59999 -21.49999 "WS10M" 3.05 2.8 2.74 2.71 2.73 2.7 2.95 3.16 3.52 3.4 3.36 3.27 3.03
"226" -45.19999 -21.49999 "T2M" 21.95 21.94 21.36 20.2 17.82 16.64 16.81 18.77 20.84 22.16 21.99 21.98 20.2
"227" -45.19999 -21.49999 "PRECTOT" 8.8 6.17 5.25 2.07 1.54 0.59 0.48 0.57 2.07 3.26 5.55 8.32 3.72
"228" -45.19999 -21.49999 "WS10M" 3.13 2.84 2.82 2.81 2.88 2.86 3.14 3.39 3.75 3.6 3.52 3.37 3.18
"229" -44.79999 -21.49999 "T2M" 21.41 21.45 20.88 19.76 17.56 16.5 16.71 18.65 20.45 21.59 21.31 21.37 19.8
"230" -44.79999 -21.49999 "PRECTOT" 8.85 6.02 5.26 1.94 1.37 0.56 0.45 0.54 2.05 3.23 5.83 8.66 3.73
"231" -44.79999 -21.49999 "WS10M" 3.13 2.84 2.85 2.85 2.95 2.95 3.24 3.53 3.88 3.7 3.57 3.4 3.24
"232" -44.39999 -21.49999 "T2M" 21.06 21.13 20.57 19.44 17.34 16.34 16.45 18.24 19.82 20.94 20.7 20.93 19.41
"233" -44.39999 -21.49999 "PRECTOT" 8.88 5.95 5.39 1.96 1.3 0.53 0.44 0.54 2.05 3.33 6.1 8.88 3.78
"234" -44.39999 -21.49999 "WS10M" 3 2.74 2.76 2.75 2.86 2.84 3.16 3.45 3.77 3.58 3.45 3.28 3.14
"235" -46.39999 -21.89999 "T2M" 21.51 21.42 20.82 19.5 16.71 15.37 15.34 17.11 19.28 21 21.18 21.45 19.22
"236" -46.39999 -21.89999 "PRECTOT" 8.84 6.83 5.58 2.55 2.05 0.78 0.72 0.8 2.59 3.66 5.39 7.9 3.97
"237" -46.39999 -21.89999 "WS10M" 2.36 2.2 2.15 2.15 2.23 2.27 2.49 2.66 2.89 2.73 2.62 2.5 2.44
"238" -45.99999 -21.89999 "T2M" 21.87 21.81 21.2 19.84 17.08 15.73 15.67 17.43 19.58 21.29 21.52 21.81 19.57
"239" -45.99999 -21.89999 "PRECTOT" 8.84 6.69 5.44 2.43 1.94 0.74 0.69 0.75 2.38 3.56 5.38 7.94 3.9
"240" -45.99999 -21.89999 "WS10M" 2.35 2.17 2.09 2.09 2.15 2.15 2.34 2.49 2.74 2.64 2.58 2.49 2.36
"241" -45.59999 -21.89999 "T2M" 21.87 21.81 21.2 19.84 17.08 15.73 15.67 17.43 19.58 21.29 21.52 21.81 19.57
"242" -45.59999 -21.89999 "PRECTOT" 8.84 6.69 5.44 2.43 1.94 0.74 0.69 0.75 2.38 3.56 5.38 7.94 3.9
"243" -45.59999 -21.89999 "WS10M" 2.35 2.17 2.09 2.09 2.15 2.15 2.34 2.49 2.74 2.64 2.58 2.49 2.36
"244" -45.19999 -21.89999 "T2M" 21.52 21.5 20.88 19.56 16.94 15.69 15.71 17.51 19.55 21.07 21.18 21.43 19.38
"245" -45.19999 -21.89999 "PRECTOT" 8.97 6.6 5.49 2.31 1.73 0.69 0.66 0.7 2.29 3.51 5.66 8.28 3.91
"246" -45.19999 -21.89999 "WS10M" 2.5 2.28 2.23 2.23 2.31 2.31 2.51 2.7 2.98 2.86 2.79 2.68 2.53
"247" -44.79999 -21.89999 "T2M" 21.1 21.14 20.5 19.23 16.78 15.64 15.7 17.48 19.31 20.64 20.65 20.94 19.09
"248" -44.79999 -21.89999 "PRECTOT" 9.1 6.57 5.63 2.26 1.56 0.66 0.64 0.67 2.27 3.5 5.94 8.6 3.95
"249" -44.79999 -21.89999 "WS10M" 2.59 2.33 2.32 2.33 2.42 2.41 2.63 2.84 3.14 3.02 2.94 2.8 2.65
"250" -44.39999 -21.89999 "T2M" 21.12 21.17 20.5 19.23 16.87 15.8 15.79 17.43 19.06 20.37 20.4 20.86 19.05
"251" -44.39999 -21.89999 "PRECTOT" 9.12 6.5 5.81 2.29 1.48 0.64 0.62 0.67 2.24 3.53 6.11 8.74 3.98
"252" -44.39999 -21.89999 "WS10M" 2.4 2.15 2.15 2.15 2.23 2.24 2.45 2.64 2.94 2.82 2.75 2.6 2.46
"253" -43.99999 -21.89999 "T2M" 21.87 21.91 21.18 19.81 17.31 16.17 16.03 17.5 19.11 20.64 20.87 21.53 19.49
"254" -43.99999 -21.89999 "PRECTOT" 8.91 6.18 5.98 2.4 1.43 0.63 0.6 0.68 2.14 3.56 6.22 8.79 3.96
"255" -43.99999 -21.89999 "WS10M" 1.71 1.57 1.51 1.53 1.58 1.63 1.79 1.97 2.19 2.07 1.96 1.81 1.78
"256" -46.39999 -22.29999 "T2M" 20.98 20.96 20.31 18.85 15.93 14.56 14.46 16.12 18.15 19.96 20.31 20.81 18.45
"257" -46.39999 -22.29999 "PRECTOT" 8.76 7.03 5.64 2.69 2.21 0.99 1.01 0.94 3.78 3.85 5.32 7.67 4.16
"258" -46.39999 -22.29999 "WS10M" 2.11 1.97 1.92 1.95 2.06 2.13 2.33 2.47 2.65 2.5 2.39 2.26 2.23
"259" -45.99999 -22.29999 "T2M" 21.2 21.2 20.54 19.03 16.08 14.64 14.45 16.03 18.01 19.86 20.32 20.95 18.53
"260" -45.99999 -22.29999 "PRECTOT" 8.74 7 5.58 2.65 2.11 0.91 0.95 0.9 3.03 3.83 5.39 7.71 4.07
"261" -45.99999 -22.29999 "WS10M" 1.66 1.53 1.49 1.52 1.61 1.66 1.78 1.86 2.01 1.91 1.84 1.76 1.72
"262" -45.59999 -22.29999 "T2M" 21.2 21.2 20.54 19.03 16.08 14.64 14.45 16.03 18.01 19.86 20.32 20.95 18.53
"263" -45.59999 -22.29999 "PRECTOT" 8.74 7 5.58 2.65 2.11 0.91 0.95 0.9 3.03 3.83 5.39 7.71 4.07
"264" -45.59999 -22.29999 "WS10M" 1.66 1.53 1.49 1.52 1.61 1.66 1.78 1.86 2.01 1.91 1.84 1.76 1.72
"265" -45.19999 -22.29999 "T2M" 21.1 21.12 20.42 18.93 16.1 14.73 14.55 16.14 18.04 19.77 20.17 20.8 18.49
"266" -45.19999 -22.29999 "PRECTOT" 8.91 7.11 5.83 2.73 1.95 0.88 0.95 0.89 2.67 3.86 5.71 8.04 4.13
"267" -45.19999 -22.29999 "WS10M" 1.67 1.53 1.5 1.54 1.63 1.66 1.77 1.85 2.01 1.93 1.88 1.79 1.73
"268" -46.39999 -22.69999 "T2M" 21.37 21.39 20.66 19.13 16.22 14.89 14.72 16.31 18.12 19.91 20.4 21.08 18.68
"269" -46.39999 -22.69999 "PRECTOT" 8.57 7.2 5.66 2.9 2.38 1.28 1.38 1.07 5.02 3.92 5.05 7.19 4.3
"270" -46.39999 -22.69999 "WS10M" 2.14 1.98 1.98 2.03 2.11 2.16 2.35 2.46 2.7 2.58 2.52 2.34 2.28
"271" -45.59999 -22.69999 "T2M" 21.4 21.44 20.67 19.13 16.25 14.92 14.68 16.22 17.95 19.71 20.24 21.02 18.64
"272" -45.59999 -22.69999 "PRECTOT" 8.44 7.24 5.74 2.97 2.29 1.19 1.35 1.06 3.79 3.98 5.21 7.12 4.2
"273" -45.59999 -22.69999 "WS10M" 1.87 1.75 1.74 1.78 1.86 1.92 2.06 2.12 2.32 2.23 2.2 2.06 1.99
